z   mstar   phi_med phi_med_err Lir_med Luv_med phi_avg phi_avg_err Lir_avg Luv_avg beta    
0.75    8.4 -0.60    0.50   7.69 +or- 0.63  9.01 +or- 0.01          9.04 +or- 0.01  -1.76   
0.75    8.7 -0.38     0.11  8.83 +or- 0.09  9.15 +or- 0.01  -0.37    0.11   8.75 +or- 0.11  9.18 +or- 0.01  -1.74   
0.75    8.9 -0.20     0.05  9.09 +or- 0.05  9.32 +or- 0.01  -0.19    0.05   9.05 +or- 0.05  9.34 +or- 0.01  -1.73   
0.75    9.1 0.05      0.03  9.59 +or- 0.03  9.47 +or- 0.01  0.09     0.03   9.64 +or- 0.02  9.49 +or- 0.01  -1.67   
0.75    9.3 0.23      0.02  9.85 +or- 0.02  9.59 +or- 0.01  0.27     0.02   9.92 +or- 0.01  9.61 +or- 0.01  -1.49   
0.75    9.5 0.45      0.02  10.17 +or- 0.01 9.70 +or- 0.01  0.53     0.02   10.28 +or- 0.01 9.73 +or- 0.01  -1.32   
0.75    9.7 0.65      0.02  10.45 +or- 0.02 9.76 +or- 0.01  0.75     0.02   10.57 +or- 0.01 9.81 +or- 0.01  -1.08   
0.75    9.9 0.78      0.03  10.63 +or- 0.02 9.75 +or- 0.02  0.88     0.03   10.75 +or- 0.01 9.81 +or- 0.02  -0.84   
0.75    10.1    0.99      0.07  10.89 +or- 0.02 9.72 +or- 0.07  1.11     0.07   11.01 +or- 0.01 9.82 +or- 0.05  -0.55   
0.75    10.3    1.06      0.05  10.96 +or- 0.02 9.75 +or- 0.02  1.18     0.05   11.09 +or- 0.01 9.83 +or- 0.01  -0.42   
0.75    10.5    1.09      0.07  11.01 +or- 0.02 9.65 +or- 0.03  1.21     0.07   11.13 +or- 0.01 9.75 +or- 0.03  -0.27   
0.75    10.7    1.22      0.07  11.13 +or- 0.02 9.86 +or- 0.01  1.36     0.07   11.28 +or- 0.01 9.91 +or- 0.01  -0.37   
0.75    10.9    1.21      0.08  11.13 +or- 0.02 9.79 +or- 0.02  1.34     0.08   11.27 +or- 0.01 9.87 +or- 0.02  -0.27   
0.75    11.1    1.27      0.10  11.19 +or- 0.03 9.92 +or- 0.03  1.40     0.10   11.32 +or- 0.02 9.97 +or- 0.02  -0.42   
1.25    8.8 -0.03    0.13   9.20 +or- 0.15  9.51 +or- 0.01          9.55 +or- 0.01  -1.79   
1.25    9.1 0.17     0.08   9.59 +or- 0.08  9.64 +or- 0.01  0.19     0.08   9.58 +or- 0.08  9.67 +or- 0.01  -1.76   
1.25    9.3 0.38     0.05   9.96 +or- 0.04  9.77 +or- 0.01  0.37     0.05   9.87 +or- 0.05  9.80 +or- 0.01  -1.70   
1.25    9.5 0.64     0.02   10.36 +or- 0.02 9.89 +or- 0.01  0.68     0.02   10.41 +or- 0.02 9.91 +or- 0.01  -1.55   
1.25    9.7 0.81     0.02   10.60 +or- 0.02 9.95 +or- 0.01  0.85     0.02   10.64 +or- 0.01 9.98 +or- 0.01  -1.38   
1.25    9.9 1.02     0.03   10.88 +or- 0.02 9.96 +or- 0.03  1.12     0.03   10.99 +or- 0.01 10.02 +or- 0.02 -1.17   
1.25    10.1    1.18     0.04   11.06 +or- 0.02 10.02 +or- 0.03 1.29     0.04   11.19 +or- 0.01 10.06 +or- 0.03 -0.97   
1.25    10.3    1.35     0.04   11.27 +or- 0.02 9.90 +or- 0.02  1.44     0.04   11.37 +or- 0.01 10.00 +or- 0.02 -0.71   
1.25    10.5    1.47     0.05   11.40 +or- 0.02 9.92 +or- 0.03  1.61     0.05   11.54 +or- 0.01 9.99 +or- 0.02  -0.54   
1.25    10.7    1.58     0.05   11.52 +or- 0.02 9.97 +or- 0.01  1.70     0.05   11.64 +or- 0.01 10.01 +or- 0.01 -0.27   
1.25    10.9    1.69     0.08   11.63 +or- 0.03 10.01 +or- 0.01 1.82     0.08   11.76 +or- 0.02 10.06 +or- 0.01 -0.20   
1.25    11.1    1.74     0.13   11.68 +or- 0.05 10.10 +or- 0.03 1.80     0.13   11.74 +or- 0.04 10.16 +or- 0.02 -0.13   
1.25    11.3    1.81     0.11   11.76 +or- 0.06 10.00 +or- 0.04 1.93     0.11   11.87 +or- 0.05 10.17 +or- 0.03 -0.21   
1.75    9.2 0.48     0.07   10.00 +or- 0.06 9.91 +or- 0.01  0.47     0.07   9.89 +or- 0.08  9.94 +or- 0.01  -1.71   
1.75    9.4 0.70     0.03   10.35 +or- 0.02 10.02 +or- 0.01 0.77     0.03   10.46 +or- 0.02 10.06 +or- 0.01 -1.59   
1.75    9.7 0.94     0.02   10.70 +or- 0.02 10.13 +or- 0.01 0.97     0.02   10.73 +or- 0.02 10.16 +or- 0.01 -1.47   
1.75    9.9 1.15     0.03   11.00 +or- 0.02 10.15 +or- 0.02 1.22     0.03   11.06 +or- 0.02 10.21 +or- 0.01 -1.25   
1.75    10.1    1.38     0.03   11.29 +or- 0.02 10.11 +or- 0.02 1.45     0.03   11.35 +or- 0.01 10.20 +or- 0.02 -0.99   
1.75    10.3    1.54     0.04   11.47 +or- 0.02 10.08 +or- 0.02 1.62     0.04   11.55 +or- 0.02 10.19 +or- 0.02 -0.78   
1.75    10.5    1.70     0.10   11.65 +or- 0.02 9.99 +or- 0.11  1.81     0.10   11.76 +or- 0.02 10.10 +or- 0.09 -0.61   
1.75    10.7    1.83     0.07   11.78 +or- 0.02 10.01 +or- 0.03 1.91     0.07   11.85 +or- 0.02 10.09 +or- 0.02 -0.33   
1.75    10.9    1.90     0.11   11.84 +or- 0.03 10.01 +or- 0.08 1.99     0.11   11.94 +or- 0.02 10.08 +or- 0.07 -0.24   
1.75    11.1    2.02     0.10   11.97 +or- 0.04 10.06 +or- 0.03 2.13     0.10   12.08 +or- 0.03 10.09 +or- 0.03 -0.19   
1.75    11.3    2.19     0.09   12.14 +or- 0.04 10.23 +or- 0.03 2.25     0.09   12.20 +or- 0.04 10.37 +or- 0.02 -0.14   
1.75    11.5    2.25     0.18   12.20 +or- 0.10 10.44 +or- 0.04 2.30     0.18   12.25 +or- 0.09 10.40 +or- 0.04 0.06    
2.25    9.3 0.82     0.06   10.44 +or- 0.05 10.18 +or- 0.01 0.79     0.06   10.35 +or- 0.06 10.20 +or- 0.01 -1.58   
2.25    9.6 1.05     0.03   10.77 +or- 0.03 10.31 +or- 0.01 1.05     0.03   10.76 +or- 0.03 10.33 +or- 0.01 -1.46   
2.25    9.8 1.26     0.03   11.04 +or- 0.02 10.40 +or- 0.01 1.30     0.03   11.10 +or- 0.02 10.41 +or- 0.01 -1.29   
2.25    10.0    1.46     0.03   11.33 +or- 0.01 10.38 +or- 0.02 1.51     0.03   11.38 +or- 0.01 10.44 +or- 0.02 -1.02   
2.25    10.3    1.64     0.03   11.55 +or- 0.02 10.30 +or- 0.03 1.70     0.03   11.61 +or- 0.01 10.40 +or- 0.02 -0.84   
2.25    10.5    1.86     0.05   11.79 +or- 0.02 10.31 +or- 0.04 1.95     0.05   11.89 +or- 0.02 10.34 +or- 0.04 -0.62   
2.25    10.7    1.95     0.08   11.89 +or- 0.03 10.17 +or- 0.06 2.06     0.08   12.00 +or- 0.02 10.25 +or- 0.05 -0.36   
2.25    10.9    2.07     0.06   12.02 +or- 0.03 10.14 +or- 0.02 2.13     0.06   12.08 +or- 0.03 10.23 +or- 0.02 -0.28   
2.25    11.1    2.20     0.10   12.15 +or- 0.04 10.12 +or- 0.07 2.32     0.10   12.28 +or- 0.03 10.19 +or- 0.06 -0.07   
2.25    11.3    2.32     0.12   12.27 +or- 0.06 10.20 +or- 0.05 2.42     0.12   12.38 +or- 0.05 10.23 +or- 0.04 0.16    
2.25    11.5    2.39     0.17   12.35 +or- 0.10 10.12 +or- 0.11 2.60     0.17   12.56 +or- 0.07 10.24 +or- 0.08 -0.25   
